0.000000  0.000000  0.000000  0.000000  0.000000  0.000000  1.000000  0.000000  0.000000  0.000000
0.000000  0.000000  0.000000  0.000000  0.000000  0.000000  1.000000  0.000000  0.000000  0.000000
0.000000  0.000000  0.000000  0.000000  0.116510  0.000000  0.842791  0.000000  0.040699  0.000000
0.000000  0.000000  0.000000  0.000000  0.000560  0.000000  0.231826  0.000000  0.767614  0.000000
0.000000  0.000000  0.000000  0.000000  0.072493  0.000000  0.850377  0.000000  0.077130  0.000000
0.000000  0.000000  0.000000  0.000000  0.000000  0.000000  1.000000  0.000000  0.000000  0.000000
0.000000  0.000000  0.000000  0.000000  0.000000  0.000000  0.468706  0.000000  0.531294  0.000000
0.000000  0.000000  0.000000  0.000000  0.000000  0.000000  0.673803  0.000000  0.326197  0.000000
0.000000  0.000000  0.000000  0.000000  0.273961  0.000000  0.305631  0.000000  0.420408  0.000000
0.000000  0.000000  0.000000  0.000000  0.199638  0.000000  0.657358  0.000000  0.143003  0.000000
0.000000  0.000000  0.000000  0.000000  0.323939  0.000000  0.612256  0.000000  0.063370  0.000436
0.000000  0.000000  0.000000  0.000049  0.199565  0.000000  0.800387  0.000000  0.000000  0.000000
0.000061  0.001018  0.000000  0.000041  0.110324  0.000000  0.626095  0.000000  0.186815  0.075646
0.053873  0.000000  0.000000  0.079358  0.125114  0.000000  0.623407  0.000000  0.000000  0.118248
0.000000  0.000000  0.000000  0.000000  0.193747  0.000000  0.685197  0.000000  0.034649  0.086407
0.188312  0.000000  0.000000  0.000000  0.223745  0.000000  0.196061  0.000000  0.391882  0.000000
0.075597  0.098326  0.000000  0.000000  0.398968  0.000000  0.137389  0.000000  0.289720  0.000000
0.104243  0.000000  0.000000  0.064588  0.165342  0.000000  0.433106  0.000000  0.232721  0.000000
0.000000  0.186963  0.023916  0.015982  0.171404  0.074470  0.340789  0.000000  0.186474  0.000000
0.000000  0.242790  0.018581  0.169626  0.172471  0.000000  0.263257  0.048471  0.084804  0.000000
0.000000  0.029845  0.026207  0.343914  0.223873  0.041283  0.323384  0.010353  0.001140  0.000000
0.018458  0.080668  0.051104  0.055345  0.114915  0.050570  0.422388  0.021189  0.185363  0.000000
0.000000  0.171752  0.198046  0.000000  0.020070  0.079414  0.527648  0.000000  0.003070  0.000000
0.051188  0.231515  0.147909  0.202013  0.155004  0.040127  0.160588  0.011657  0.000000  0.000000
0.000000  0.239967  0.040512  0.093972  0.249021  0.010859  0.210943  0.154726  0.000000  0.000000
0.000000  0.135384  0.000000  0.095551  0.017916  0.119140  0.632010  0.000000  0.000000  0.000000
0.000000  0.000000  0.000000  0.033441  0.000000  0.010075  0.927717  0.028767  0.000000  0.000000
0.000000  0.159824  0.086217  0.227977  0.012551  0.000000  0.410029  0.096950  0.006452  0.000000
0.000000  0.239995  0.000000  0.012547  0.112341  0.000000  0.624180  0.010938  0.000000  0.000000
0.000000  0.017019  0.000000  0.020519  0.633313  0.000000  0.329149  0.000000  0.000000  0.000000
0.000000  0.000000  0.000000  0.116116  0.000000  0.246914  0.636970  0.000000  0.000000  0.000000
0.000000  0.067956  0.320580  0.000552  0.045028  0.002762  0.454696  0.000000  0.000000  0.108425
0.000000  0.000000  0.000000  0.442545  0.165939  0.000000  0.375030  0.016485  0.000000  0.000000
0.000000  0.000000  0.000000  0.000000  0.000000  0.000000  1.000000  0.000000  0.000000  0.000000
0.000000  0.000000  0.000000  0.000000  0.000000  0.000000  1.000000  0.000000  0.000000  0.000000
0.000000  0.000000  0.000000  0.059280  0.000000  0.173279  0.728910  0.038532  0.000000  0.000000
0.000000  0.197857  0.575027  0.009316  0.021474  0.053794  0.142532  0.000000  0.000000  0.000000
0.000000  0.000000  0.003235  0.046943  0.000000  0.000000  0.553545  0.000000  0.229698  0.166579
0.164494  0.282026  0.015004  0.108426  0.006450  0.000000  0.388486  0.013642  0.000000  0.021471
0.208183  0.000000  0.042622  0.200262  0.016390  0.076392  0.409240  0.030805  0.000000  0.016106
0.044614  0.000000  0.000000  0.235072  0.000792  0.012391  0.670087  0.022782  0.000000  0.014262
